Nurse_ID,Operation_ID
3600,6000
3601,6001
3602,6002
3603,6003
3604,6004
3605,6005
3606,6006
3607,6007
3608,6008
3609,6009
3610,6010
3611,6011
3612,6012
3613,6013
3614,6014
3615,6015
3616,6016
3617,6017
3618,6018
3619,6019
3620,6020
3621,6021
3622,6022
3623,6023
3624,6024
3625,6025
3626,6026
3627,6027
3628,6028
3629,6029
3630,6030
3631,6031
3632,6032
3633,6033
3634,6034
3635,6035
3636,6036
3637,6037
3638,6038
3639,6039
3640,6040
3641,6041
3642,6042
3643,6043
3644,6044
3645,6045
3646,6046
3647,6047
3648,6048
3649,6049
3650,6050
3651,6051
3652,6052
3653,6053
3654,6054
3655,6055
3656,6056
3657,6057
3658,6058
3659,6059
3660,6060
3661,6061
3662,6062
3663,6063
3664,6064
3665,6065
3666,6066
3667,6067
3668,6068
3669,6069
3670,6070
3671,6071
3672,6072
3673,6073
3674,6074
3675,6075
3676,6076
3677,6077
3678,6078
3679,6079
3680,6080
3681,6081
3682,6082
3683,6083
3684,6084
3685,6085
3686,6086
3687,6087
3688,6088
3689,6089
3690,6090
3691,6091
3692,6092
3693,6093
3694,6094
3695,6095
3696,6096
3697,6097
3698,6098
3699,6099
3700,6100
3701,6101
3702,6102
3703,6103
3704,6104
3705,6105
3706,6106
3707,6107
3708,6108
3709,6109
3710,6110
3711,6111
3712,6112
3713,6113
3714,6114
3715,6115
3716,6116
3717,6117
3718,6118
3719,6119
3720,6120
3721,6121
3722,6122
3723,6123
3724,6124
3725,6125
3726,6126
3727,6127
3728,6128
3729,6129
3730,6130
3731,6131
3732,6132
3733,6133
3734,6134
3735,6135
3736,6136
3737,6137
3738,6138
3739,6139
3740,6140
3741,6141
3742,6142
3743,6143
3744,6144
3745,6145
3746,6146
3747,6147
3748,6148
3749,6149
3750,6150
3751,6151
3752,6152
3753,6153
3754,6154
3755,6155
3756,6156
3757,6157
3758,6158
3759,6159
3760,6160
3761,6161
3762,6162
3763,6163
3764,6164
3765,6165
3766,6166
3767,6167
3768,6168
3769,6169
3770,6170
3771,6171
3772,6172
3773,6173
3774,6174
3775,6175
3776,6176
3777,6177
3778,6178
3779,6179
3780,6180
3781,6181
3782,6182
3783,6183
3784,6184
3785,6185
3786,6186
3787,6187
3788,6188
3789,6189
3790,6190
3791,6191
3792,6192
3793,6193
3794,6194
3795,6195
3796,6196
3797,6197
3798,6198
3799,6199
3800,6200
3801,6201
3802,6202
3803,6203
3804,6204
3805,6205
3806,6206
3807,6207
3808,6208
3809,6209
3810,6210
3811,6211
3812,6212
3813,6213
3814,6214
3815,6215
3816,6216
3817,6217
3818,6218
3819,6219
3820,6220
3821,6221
3822,6222
3823,6223
3824,6224
3825,6225
3826,6226
3827,6227
3828,6228
3829,6229
3830,6230
3831,6231
3832,6232
3833,6233
3834,6234
3835,6235
3836,6236
3837,6237
3838,6238
3839,6239
3840,6240
3841,6241
3842,6242
3843,6243
3844,6244
3845,6245
3846,6246
3847,6247
3848,6248
3849,6249
3850,6250
3851,6251
3852,6252
3853,6253
3854,6254
3855,6255
3856,6256
3857,6257
3858,6258
3859,6259
3860,6260
3861,6261
3862,6262
3863,6263
3864,6264
3865,6265
3866,6266
3867,6267
3868,6268
3869,6269
3870,6270
3871,6271
3872,6272
3873,6273
3874,6274
3875,6275
3876,6276
3877,6277
3878,6278
3879,6279
3880,6280
3881,6281
3882,6282
3883,6283
3884,6284
3885,6285
3886,6286
3887,6287
3888,6288
3889,6289
3890,6290
3891,6291
3892,6292
3893,6293
3894,6294
3895,6295
3896,6296
3897,6297
3898,6298
3899,6299
3900,6300
3901,6301
3902,6302
3903,6303
3904,6304
3905,6305
3906,6306
3907,6307
3908,6308
3909,6309
3910,6310
3911,6311
3912,6312
3913,6313
3914,6314
3915,6315
3916,6316
3917,6317
3918,6318
3919,6319
3920,6320
3921,6321
3922,6322
3923,6323
3924,6324
3925,6325
3926,6326
3927,6327
3928,6328
3929,6329
3930,6330
3931,6331
3932,6332
3933,6333
3934,6334
3935,6335
3936,6336
3937,6337
3938,6338
3939,6339
3940,6340
3941,6341
3942,6342
3943,6343
3944,6344
3945,6345
3946,6346
3947,6347
3948,6348
3949,6349
3950,6350
3951,6351
3952,6352
3953,6353
3954,6354
3955,6355
3956,6356
3957,6357
3958,6358
3959,6359
3960,6360
3961,6361
3962,6362
3963,6363
3964,6364
3965,6365
3966,6366
3967,6367
3968,6368
3969,6369
3970,6370
3971,6371
3972,6372
3973,6373
3974,6374
3975,6375
3976,6376
3977,6377
3978,6378
3979,6379
3980,6380
3981,6381
3982,6382
3983,6383
3984,6384
3985,6385
3986,6386
3987,6387
3988,6388
3989,6389
3990,6390
3991,6391
3992,6392
3993,6393
3994,6394
3995,6395
3996,6396
3997,6397
3998,6398
3999,6399
